   7.1835894e+00   6.5439745e+00   7.3016028e+00   5.2249531e+00   3.4112461e+00
   5.9852367e+00   7.4313175e+00   7.3362237e+00   8.6994103e+00   4.6244916e+00
   8.6929221e+00   4.0522201e+00   4.0955093e+00   2.9667587e+00   3.6848460e+00
   3.3603836e-01   6.5917954e+00   7.2057230e+00   6.4555187e+00   7.8473929e+00
   8.1730322e+00   4.2214666e+00   4.2206419e+00   9.0488097e+00   4.3023802e-01
   5.7970459e+00   3.7776688e+00   3.3694592e+00   3.1877830e+00   6.2561856e+00
   2.0549417e+00   7.0193542e+00   3.1235711e+00   3.0736690e+00   8.4220661e+00
   8.4485567e+00   7.6315258e+00   2.8489186e+00   1.3412293e+00   1.7760246e+00
   3.3771941e+00   3.3494716e+00   4.1569815e+00   6.7913554e+00   8.7594281e+00
   9.6454525e-01   2.9460412e+00   3.8752073e+00   9.8712279e-01   8.4430879e+00
   5.4986020e+00   2.8259929e+00   2.6649788e+00   4.2416676e+00   7.8022744e+00
   2.5180612e+00   7.0215965e+00   6.1629364e+00   6.4761763e+00   5.1805211e+00
   8.1998122e+00   7.3536536e+00   7.5245723e+00   7.2104662e+00   1.5272120e+00
   6.2595979e+00   7.3337719e+00   3.6337014e+00   1.7566903e+00   6.2095864e+00
   5.8950748e+00   7.0166281e+00   7.7218931e+00   6.8336324e+00   4.4008514e+00
   8.0006848e+00   3.1958279e+00   3.3490321e+00   4.0871985e+00   4.5092371e+00
   6.1709088e+00   7.1775688e+00   7.6005247e+00   6.3578671e+00   6.3770910e+00
   6.1095866e+00   6.9379848e+00   5.2559643e+00   6.3591371e-01   9.1742434e+00
   2.6072800e+00   5.6132760e+00   7.8060842e+00   3.5021801e+00   8.4439216e+00
   4.0180803e+00   4.7625210e+00   3.3614160e+00   9.2885414e+00   4.4678375e+00
   2.6528091e+00   5.5116607e+00   6.8892874e+00   9.4517411e+00   9.5769394e+00
   7.5966692e-01   2.5521080e+00   2.5932656e+00   7.3033086e+00   3.0634947e+00
   6.5444571e+00   7.2325461e+00   7.2348615e+00   6.4731148e+00   7.2175803e+00
   6.6641622e+00   7.7226473e+00   3.1025058e+00   5.2188567e+00   1.4204112e+00
   4.3141383e+00   2.8426628e+00   2.6438764e+00   5.9489607e+00   5.4700889e+00
   4.0761920e+00   7.4531778e+00   6.9666453e+00   5.4388593e+00   4.7348599e+00
   3.5095238e+00   3.1856234e+00   2.9998841e+00   8.0101462e+00   4.8679163e+00
   8.3482814e-01   6.7316899e+00   3.0650397e+00   3.3584897e+00   1.6646044e+00
   6.6094456e+00   6.6384272e+00   3.5198982e+00   2.0894667e+00   5.7370976e+00
   4.8202206e+00   7.8060986e+00   7.3909703e+00   9.1113464e-01   1.5365672e+00
   5.3859668e+00   7.4831575e+00   3.6995579e+00   6.2045221e-01   1.7710753e+00
   4.9911601e+00   7.5992911e+00   2.5807225e+00   4.6351265e-01   3.3082900e+00
   6.1471342e+00   6.0968650e+00   2.3136325e+00   5.3754392e-01   3.0130606e+00
   7.2975186e+00   7.3248474e+00   3.7907799e+00   9.0515356e+00   5.2077890e-01
   4.8956999e+00   7.6165533e+00   2.4561288e+00   8.9719135e+00   4.6706819e+00
   8.6271072e+00   4.8691095e+00   4.8953269e+00   5.9721135e+00   7.8555899e+00
   2.2512593e-01   6.0246760e+00   6.8704356e+00   4.1615859e+00   7.8051965e+00
   8.9075212e+00   7.5939769e+00   4.5593750e+00   6.7539118e+00   9.3120138e+00
   9.4205059e+00   3.3002000e+00   3.2134083e+00   3.3535684e+00   2.2592178e+00
   4.0391215e+00   4.1431674e+00   3.5177337e+00   7.9618387e+00   2.3048816e+00
   4.8429651e+00   6.7674648e+00   3.1767857e+00   2.9993699e+00   5.1337742e+00
   5.8144649e+00   8.6072235e+00   1.4856662e+00   1.0401157e+00   6.3404501e-01
   3.7627221e+00   6.2650490e+00   7.2519789e+00   7.6550002e+00   4.2345292e+00
   9.0271611e+00   2.7257831e+00   3.2078174e+00   5.2113583e+00   8.1158046e+00
   3.8461912e+00   6.6197651e+00   6.3886417e+00   4.2572884e+00   4.5742437e+00
   9.2831306e+00   6.8113149e+00   3.9035610e+00   7.4554607e+00   8.6044056e+00
   1.9251040e+00   6.6639087e+00   4.2248241e+00   1.9665819e+00   6.4819841e+00
   4.2525932e+00   6.2535852e+00   5.3904078e+00   8.4192915e+00   6.7533207e+00
   9.4229339e-01   5.9309893e+00   4.9770699e+00   5.4073934e+00   1.1510571e-02
   1.0665277e+00   4.9797157e+00   4.0816901e+00   3.1110229e+00   2.3477991e+00
   9.8266340e+00   6.8527462e+00   7.5899891e+00   7.0928170e+00   6.7612230e+00
   2.2618768e+00   7.4246695e+00   7.6630142e+00   5.4659311e+00   5.2714274e+00
   8.5299816e+00   6.7737575e+00   3.9646382e+00   8.0862423e-01   7.0691742e+00
   6.4031183e+00   7.7847213e+00   2.8377474e+00   8.2580886e+00   7.6395708e+00
   3.1991016e-01   7.2427271e+00   2.7731407e+00   2.4248656e+00   9.3914171e+00
   6.8806099e-01   5.9479171e+00   7.4099068e+00   4.7946322e+00   4.7135715e+00
   7.6902909e+00   8.0458371e+00   2.2682344e+00   9.1213247e+00   7.3784165e+00
   9.8230322e+00   5.5364759e+00   4.1438855e+00   4.6846820e+00   7.2866168e+00
   1.2331893e+00   3.1040473e+00   3.0498236e+00   5.7852506e+00   5.1077156e+00
   5.6497957e+00   6.7579187e+00   3.9564215e+00   1.0915421e+00   4.6483994e+00
   8.4435846e-01   2.7386791e+00   3.8322144e+00   4.3886997e+00   6.4911547e+00
   1.2393228e+00   7.4426080e+00   2.9006921e+00   6.3107000e+00   9.8841793e+00
   9.4793312e+00   7.8416705e+00   2.9187795e+00   7.4631343e+00   1.7811695e+00
   9.0005385e+00   3.2357609e+00   2.6553665e+00   3.9551522e+00   5.5015634e+00
   2.4169129e+00   2.7389500e+00   3.1785966e+00   9.1328683e+00   4.7092335e+00
   3.6924678e+00   3.7382330e+00   3.3995844e+00   3.6743665e+00   6.2247509e+00
   6.9516304e+00   7.1743755e+00   3.0691696e+00   2.9824397e+00   6.6280806e+00
   9.5613454e+00   3.5417709e+00   2.1845095e+00   6.7972795e+00   1.7070805e+00
   4.2288569e+00   8.1197318e+00   6.8347688e+00   5.8224916e+00   9.1599124e+00
   7.7491046e+00   3.3214940e+00   3.6251628e+00   1.8481632e+00   1.5403438e-01
   1.2308375e+00   6.2549375e+00   2.9150893e+00   9.3370517e-01   2.5228181e-01
   6.3519792e+00   7.1574999e+00   2.9703468e+00   3.3209283e+00   4.4602665e+00
   1.8907217e+00   6.5810097e+00   3.0039897e+00   1.0166939e+00   8.5409995e+00
   2.9044066e+00   5.9645497e+00   5.8726731e+00   6.7901675e+00   9.4362262e+00
   2.0597552e+00   7.7792700e+00   3.9550535e+00   2.9397305e+00   1.0022154e+00
   9.6864933e+00   6.9631713e+00   7.5798073e+00   9.9370462e+00   6.0738921e+00
   6.9594931e+00   6.3828835e+00   5.1055109e+00   3.1807408e+00   4.6091637e+00
   5.8406933e+00   6.3883027e+00   7.8508064e+00   6.0730394e+00   6.9514050e+00
   8.7965372e+00   8.3589795e+00   6.3582984e+00   6.6194475e+00   2.2404003e+00
   6.9988785e+00   7.6722527e+00   6.9507254e+00   1.1921454e+00   7.7015973e+00
   4.1702895e+00   7.0590791e+00   3.3607288e+00   3.3809772e+00   8.1820404e+00
   4.2825299e+00   7.5034017e+00   6.9401553e+00   2.8749817e+00   2.6647149e+00
   1.8184703e+00   3.0041022e+00   2.4092141e+00   6.0284309e+00   7.4469281e+00
   1.6148474e+00   7.8140719e+00   7.5519876e+00   2.5644099e+00   6.0217049e+00
   8.7392741e+00   7.0292013e+00   3.0057962e+00   7.7724054e+00   9.9949162e+00
   5.8298638e+00   7.3151406e+00   7.0869488e+00   6.4444278e+00   8.7537160e+00
   1.0562920e+00   6.7176476e+00   7.6643188e+00   1.0969746e+00   2.4284960e+00
   9.1064759e+00   4.2861594e+00   3.7367956e+00   2.6221175e+00   2.9632081e+00
   5.7520860e+00   1.8599982e+00   2.6732141e+00   1.3655314e+00   2.2766430e+00
   1.2085957e+00   6.0870522e+00   3.2551352e+00   1.8419410e+00   8.5893882e+00
   4.6342241e-02   3.2428178e+00   2.3698088e+00   4.3020739e+00   8.2119404e+00
   6.2988339e+00   6.5574320e+00   3.2810031e+00   7.1452813e-01   3.0889549e-01
   8.2071207e-01   7.3089935e+00   2.9005954e+00   1.0336618e-01   3.5963491e+00
   4.1726707e+00   2.5406505e+00   3.8808575e+00   9.6308854e+00   6.4431813e+00
   2.0846136e+00   6.7502469e+00   2.8307355e+00   5.3377195e+00   4.1452254e+00
   7.8025207e+00   3.4473268e+00   3.8861294e+00   3.7738866e-01   2.0774229e+00
   7.3024879e+00   6.3495345e+00   7.3465382e+00   2.3623058e+00   2.8906457e+00
   3.9978265e+00   2.6297779e+00   3.6314545e+00   1.1111922e+00   7.3172239e+00
   6.3853076e+00   6.9659585e+00   6.1597807e+00   9.3982947e+00   3.2247181e+00
   2.8186686e+00   7.0392508e+00   3.9865329e+00   2.9734682e+00   5.4239484e-01
   3.6241146e+00   6.3657515e+00   3.4654425e+00   4.4172206e+00   2.9553383e+00
   7.7880224e+00   7.0897725e+00   6.5011761e+00   4.0458000e+00   2.6906159e+00
   2.3991615e+00   3.2991916e+00   3.1377616e+00   4.8860897e+00   5.0850866e+00
   1.9092370e+00   6.3856013e+00   5.9564589e+00   1.8866198e+00   9.0823286e-01
   1.8390779e+00   2.3098967e+00   3.5667682e+00   2.3728358e+00   8.1762771e+00
   8.1776056e+00   7.6337669e+00   6.3881449e+00   7.7028551e+00   6.6783273e+00
   5.3133391e+00   6.8950097e+00   6.7877768e+00   2.1867663e+00   1.9174526e+00
   4.7092426e+00   6.8321561e+00   5.2030666e+00   2.6477903e+00   4.2434904e+00
   6.2205513e+00   2.5220450e+00   3.0906768e+00   2.6248223e+00   7.7571268e+00
   1.4651491e+00   6.2771502e+00   3.9019826e+00   4.5605767e+00   5.5903254e+00
   1.1120276e+00   4.0984128e+00   3.0102301e+00   9.8798200e+00   5.8704470e+00
   4.9035729e+00   8.1146053e+00   2.9227443e+00   8.9891651e-01   5.3998210e+00
   9.6189808e+00   3.0679526e+00   3.5953290e+00   9.2337964e+00   3.5315857e+00
   1.0776902e+00   7.2896638e+00   7.6043421e+00   4.5013770e+00   6.7992768e-01
   5.3086428e+00   6.3858986e+00   6.3576847e+00   5.4471611e+00   1.7587442e+00
   1.6982938e-01   7.0894008e+00   3.2785423e+00   5.6186143e+00   9.8439831e+00
   5.5229134e+00   7.2338220e+00   3.4125362e+00   8.9494168e+00   1.3393125e+00
   5.1324954e+00   3.7120353e+00   3.3655564e+00   2.9220278e-01   4.3585859e+00
   3.2514568e+00   8.0276304e+00   6.7760378e+00   1.0579827e+00   7.3842684e+00
   1.3606856e+00   1.8154388e+00   1.2370263e+00   1.1741765e+00   1.8351116e+00
   9.4478719e+00   2.8746863e+00   2.3654844e+00   2.3159439e+00   5.3282559e+00
   4.9654430e-01   3.4039150e+00   2.5940659e+00   5.4680572e+00   3.7860938e+00
   2.5987040e+00   3.3825054e+00   2.9594501e+00   2.5806470e+00   6.4774596e+00
   1.0570943e+00   5.9493719e+00   4.7278588e+00   4.8447339e-01   5.6704689e-01
   2.3995253e+00   3.3013869e+00   3.8704170e+00   4.5884883e+00   7.9483142e+00
   9.0630815e+00   6.6983567e+00   7.0736489e+00   4.5872549e+00   2.5479016e+00
   5.3580106e+00   7.7375436e+00   2.4479536e+00   5.0542814e+00   8.9848614e+00
   1.7876619e+00   6.8301838e+00   6.8901429e+00   6.1346074e+00   3.8677119e+00
   1.3197329e+00   4.2350711e+00   4.1645353e+00   2.6187118e+00   1.9476429e+00
   3.1959974e+00   8.6005398e+00   7.5489237e+00   6.3931696e+00   3.5762733e-01
   8.6869471e+00   2.9257800e+00   3.4762305e+00   9.7974838e+00   1.6899003e+00
   4.4267827e+00   3.0497526e+00   4.0763693e+00   4.3569868e+00   5.9779543e-01
   1.2061161e+00   6.4026271e+00   7.1407881e+00   5.7620938e+00   2.8100530e+00
   8.2437627e+00   7.8189792e+00   6.8470115e+00   2.0893492e+00   2.4070704e+00
   3.8973884e+00   1.6498701e+00   2.4470470e+00   8.8516801e+00   3.0124633e+00
   3.1271889e+00   7.4484416e+00   7.6741052e+00   8.3291682e+00   6.7153143e-02
   1.4495480e+00   3.7589658e+00   4.0511047e+00   5.0785828e+00   8.1125769e-01
   1.4553898e+00   3.8432211e+00   2.6293866e+00   2.2174673e+00   6.8677543e+00
   2.7029433e+00   7.9528388e+00   4.0844773e+00   9.0513474e+00   2.8784934e+00
   4.8925264e+00   3.3721770e+00   3.1528945e+00   6.2406009e+00   9.3900156e+00
   4.4518317e+00   7.9062188e+00   3.0264724e+00   7.6142589e+00   1.1815520e+00
   2.6380292e+00   2.9759131e+00   2.4602179e+00   7.1121578e+00   1.8895502e+00
   5.8009037e+00   8.6982556e+00   1.8548485e+00   7.3626746e+00   9.3440512e+00
   2.0940508e+00   7.1664482e+00   3.4050561e+00   2.1260153e+00   3.9858950e+00
   5.9435625e+00   6.8492232e+00   5.6496044e+00   6.6200960e+00   3.4446241e+00
   8.5303112e+00   2.0019652e+00   2.0410682e+00   8.5515797e-01   9.2938597e+00
   3.4387700e+00   6.9492194e+00   7.1585858e+00   1.1939625e+00   6.7180817e+00
   4.9086409e+00   2.5424401e+00   2.4311089e+00   4.8889774e+00   3.5072710e+00
   4.2652411e-01   7.3730714e+00   3.9989288e+00   9.9538973e+00   3.4787919e+00
   4.9532579e-01   6.7202059e+00   2.2236218e+00   1.3283200e-01   3.3293628e+00
